clc
clear all

x = ([1:100]);
y = ([390 374 353 341 324 310 301 291 281 265 257 244 236 230 222 213 203 196 187 178 176 166 157 151 145 142 140 138 134 123 118 108 108 108 98 93 87 85 82 81 77 74 72 69 67 66 65 60 55 49 47 46 45 41 41 40 40 38 37 35 35 34 33 32 32 29 28 27 26 26 25 24 22 21 18 17 16 15 15 15 14 13 13 13 13 13 12 12 12 11 11 10 9 8 8 8 8 8 7 7]);   

plot (x,y)
xlim = ([1 100])
ylim = ([1 400])
xlabel('Waktu (s)')
ylabel('Jumlah Nukleus')
title('Grafik Peluruhan Nukleus Simulasi Medium Pengulangan 1')

