clc
clear all

x = ([1:100]);
y = ([395 386 379 371 364 355 349 343 336 331 323 318 311 304 297 290 283 278 274 265 262 267 249 245 237 236 236 232 223 222 220 216 214 212 207 202 197 191 187 184 179 178 174 170 167 165 162 161 158 153 148 146 142 138 136 132 129 127 123 121 120 120 118 115 115 114 110 110 109 106 102 100 99 98 96 96 95 95 95 95 95 93 90 86 86 84 83 82 82 80 80 77 77 77 77 76 75 72 70 66]);   
plot (x,y)
xlim = ([1 100])
ylim = ([1 400])
xlabel('Waktu (s)')
ylabel('Jumlah Nukleus')
title('Grafik Peluruhan Nukleus Simulasi Larger Pengulangan 1')
